36.8
20.5
27.6
24.7
21.6
23.1
23.4
25.5
27.9
31.1
27.0
31.4
28.1
26.3
24.7
20.9
17.9
25.4
24.9
27.3
27.4
19.5
22.2
20.2
30.7
25.1
26.3
21.2
19.4
22.8
25.2
27.9
18.2
27.3
21.4
23.1
24.0
23.5
27.9
30.0
27.3
23.0
27.7
27.5
29.9
27.0
17.7
21.9
23.7
30.2
25.0
30.1
27.1
19.8
25.9
28.4
27.7
18.3
27.7
22.8
15.3
22.8
15.9
19.4
32.7
37.0
30.9
27.8
35.0
27.3
20.8
15.0
30.1
15.0
15.0
22.4
26.0
21.4
30.8
25.2
26.7
27.9
22.8
26.7
37.0
21.0
26.5
28.3
23.0
25.4
17.2
23.5
25.9
31.2
30.4
22.8
20.2
34.8
30.1
16.2
24.0
21.2
22.7
17.2
23.6
23.2
24.6
30.9
26.9
19.7
17.1
23.1
31.5
30.4
22.8
31.6
27.9
22.8
27.9
25.4
20.2
23.6
26.6
32.4
20.6
27.0
25.9
25.6
19.7
32.1
32.3
33.8
28.2
33.2
28.5
30.8
24.2
27.0
24.2
20.6
23.7
20.2
20.3
23.9
22.8
36.2
34.8
31.3
29.8
21.6
27.3
18.6
22.7
23.5
24.0
30.2
21.9
37.0
23.3
30.2
17.9
30.5
19.7
26.9
25.9
30.0
29.0
27.9
25.1
35.7
23.6
26.0
23.5
26.6
21.1
23.8
28.4
23.0
28.2
23.0
33.0
25.2
34.7
28.4
25.2
30.7
31.8
33.6
32.9
30.4
20.0
30.6
25.5
27.9
32.3
22.3
32.6
37.0
28.7
24.3
