10.3347 2.7052
6.2684 1.5317
14.6069 3.2273
3.1278 1.1498
1.6714 0.9313
5.6167 1.9449
9.978 2.393
17.7409 4.0811
8.2278 2.272
15.4207 3.4261
16.518 3.7478
10.9806 2.8713
17.9158 3.8923
16.643 3.8131
12.3785 2.8931
17.6461 3.8583
9.4967 2.5143
15.4136 3.4236
15.4341 3.4539
7.7134 2.1181
2.1042 1.1913
17.9913 3.7182
7.7595 2.1856
5.3816 1.4419
10.9443 2.8516
7.4949 2.0466
5.876 1.8455
11.7682 2.7175
10.9221 2.5963
12.7249 2.9477
17.2393 3.6757
17.1082 3.8325
11.321 2.735
14.3822 3.273
7.2901 1.9436
12.2793 2.9234
13.9572 3.1591
18.4688 3.9939
17.1257 3.9048
13.205 3.0795
8.2527 2.1787
11.5276 2.3948
8.0525 2.2271
3.839 1.5885
3.1321 1.4297
10.5971 2.8965
15.2864 3.6441
2.0653 1.0514
17.4043 3.9749
15.8815 3.6459
12.7054 2.9218
2.6902 1.3217
12.3388 2.9186
5.8415 2.002
4.0597 1.4504
9.7192 2.7001
8.0735 2.0024
10.2242 2.5698
8.9885 2.5912
5.2086 1.6601
6.7693 2.0268
1.6966 1.2533
14.2288 3.0833
16.8351 3.5993
6.9531 1.6997
10.9275 2.508
11.9271 2.4813
14.4087 3.6483
6.5085 1.8059
10.2761 2.7206
10.3579 2.646
13.5191 3.2908
14.5874 3.1319
10.0245 2.5711
10.5844 2.5911
5.81 1.8157
18.4866 4.0194
14.3596 3.099
4.8969 1.6392
13.4377 3.2736
1.6824 0.7975
11.9145 2.8953
18.5791 4.2243
15.8545 3.6902
1.6578 0.868
5.0859 1.6328
12.5628 3.1039
8.6919 2.081
2.2211 1.1152
10.6273 2.5978
5.9151 1.7219
15.5428 3.601
18.2681 3.8898
14.3278 3.2533
7.1371 2.0486
1.7867 0.8538
13.9896 3.1576
7.0493 2.1493
10.6217 2.6279
6.1579 2.0456
3.3811 1.4041
6.6341 2.1773
4.7054 1.5574
18.4285 4.0097
14.9767 3.4246
8.8281 2.4211
10.4413 2.4506
14.5023 3.3901
3.8976 1.407
10.5589 2.5772
6.7492 2.0714
17.9421 3.5579
8.325 2.1669
13.6534 3.0687
14.8154 3.2065
14.4662 3.3248
14.3311 3.2814
5.4455 1.6329
5.5863 1.7809
3.3424 1.4141
9.8225 2.2007
7.8188 2.2827
4.1808 1.5913
7.146 2.012
14.5633 3.115
14.2112 3.572
6.5954 2.1654
10.1949 2.2925
3.7121 1.6794
16.7393 3.8166
12.6428 2.9998
5.3498 1.4713
4.9315 1.8577
8.8329 2.1079
5.9292 1.9665
17.1073 3.7825
4.7591 1.6194
11.1556 2.7469
2.2515 1.1349
8.6055 2.1262
5.7381 1.6971
17.6632 4.1034
14.3596 3.272
7.5484 2.2038
16.5272 3.7141
12.2848 2.8617
7.8454 2.0583
13.8276 3.1865
14.8861 3.4971
8.93 2.2722
12.5101 3.1467
14.6398 3.5217
5.1854 1.566
16.1082 3.6423
13.323 3.0993
17.4734 4.1393
16.2115 3.3899
8.3141 2.2406
18.3103 3.5348
4.4194 1.6226
1.7303 1.0283
5.6901 1.8093
1.83 1.2583
2.732 1.409
6.3865 1.8204
6.6491 1.8775
7.8224 2.1341
14.7948 3.514
1.7445 0.9484
17.2695 3.6951
13.5217 3.0756
16.9617 3.8906
17.8498 3.8426
7.7088 2.0599
9.5772 2.3242
9.8272 2.7092
18.3246 4.1867
3.1877 1.3849
10.2752 2.6496
11.8979 2.9534
17.9791 4.0012
3.1163 1.3975
14.2023 3.2836
15.3541 3.4934
2.0239 1.2651
18.6312 3.8878
3.0586 1.4902
6.6066 2.0428
12.4713 2.8874
1.4912 1.2136
2.7491 1.4647
16.5297 3.6163
10.5946 2.5419
14.5998 3.4377
16.4347 3.7773
6.3959 2.03
17.4593 3.7377
12.8566 2.7981
14.5352 3.3973
1.8827 1.2094
